5
8
11
16
20
29
32
34
38
39
45
48
49
56
61
65
66
72
73
75
82
84
92
93
95
96
100
102
105
113
114
115
117
118
119
124
125
126
131
132
138
143
152
155
157
160
162
165
169
170
174
175
179
180
181
182
184
187
189
190
192
198
204
217
226
236
238
239
240
242
245
246
247
253
256
258
268
277
279
281
282
288
290
291
292
294
297
300
303
310
314
317
319
324
325
330
331
334
342
343
344
345
346
348
349
352
353
356
358
362
365
366
371
376
379
381
383
385
390
391
392
396
397
398
402
406
407
410
413
416
418
424
428
432
433
434
436
439
445
447
448
451
454
456
461
471
473
474
476
482
483
489
490
492
495
497